# 10 x 10 x 16 = 1600 k-points for hamilt
  0.000000000000000  0.000000000000000  0.000000000000000
  0.000000000000000  0.000000000000000  0.062500000000000
  0.000000000000000  0.000000000000000  0.125000000000000
  0.000000000000000  0.000000000000000  0.187500000000000
  0.000000000000000  0.000000000000000  0.250000000000000
  0.000000000000000  0.000000000000000  0.312500000000000
  0.000000000000000  0.000000000000000  0.375000000000000
  0.000000000000000  0.000000000000000  0.437500000000000
  0.000000000000000  0.000000000000000  0.500000000000000
  0.000000000000000  0.000000000000000  0.562500000000000
  0.000000000000000  0.000000000000000  0.625000000000000
  0.000000000000000  0.000000000000000  0.687500000000000
  0.000000000000000  0.000000000000000  0.750000000000000
  0.000000000000000  0.000000000000000  0.812500000000000
  0.000000000000000  0.000000000000000  0.875000000000000
  0.000000000000000  0.000000000000000  0.937500000000000
  0.000000000000000  0.100000000000000  0.000000000000000
  0.000000000000000  0.100000000000000  0.062500000000000
  0.000000000000000  0.100000000000000  0.125000000000000
  0.000000000000000  0.100000000000000  0.187500000000000
  0.000000000000000  0.100000000000000  0.250000000000000
  0.000000000000000  0.100000000000000  0.312500000000000
  0.000000000000000  0.100000000000000  0.375000000000000
  0.000000000000000  0.100000000000000  0.437500000000000
  0.000000000000000  0.100000000000000  0.500000000000000
  0.000000000000000  0.100000000000000  0.562500000000000
  0.000000000000000  0.100000000000000  0.625000000000000
  0.000000000000000  0.100000000000000  0.687500000000000
  0.000000000000000  0.100000000000000  0.750000000000000
  0.000000000000000  0.100000000000000  0.812500000000000
  0.000000000000000  0.100000000000000  0.875000000000000
  0.000000000000000  0.100000000000000  0.937500000000000
  0.000000000000000  0.200000000000000  0.000000000000000
  0.000000000000000  0.200000000000000  0.062500000000000
  0.000000000000000  0.200000000000000  0.125000000000000
  0.000000000000000  0.200000000000000  0.187500000000000
  0.000000000000000  0.200000000000000  0.250000000000000
  0.000000000000000  0.200000000000000  0.312500000000000
  0.000000000000000  0.200000000000000  0.375000000000000
  0.000000000000000  0.200000000000000  0.437500000000000
  0.000000000000000  0.200000000000000  0.500000000000000
  0.000000000000000  0.200000000000000  0.562500000000000
  0.000000000000000  0.200000000000000  0.625000000000000
  0.000000000000000  0.200000000000000  0.687500000000000
  0.000000000000000  0.200000000000000  0.750000000000000
  0.000000000000000  0.200000000000000  0.812500000000000
  0.000000000000000  0.200000000000000  0.875000000000000
  0.000000000000000  0.200000000000000  0.937500000000000
  0.000000000000000  0.300000000000000  0.000000000000000
  0.000000000000000  0.300000000000000  0.062500000000000
  0.000000000000000  0.300000000000000  0.125000000000000
  0.000000000000000  0.300000000000000  0.187500000000000
  0.000000000000000  0.300000000000000  0.250000000000000
  0.000000000000000  0.300000000000000  0.312500000000000
  0.000000000000000  0.300000000000000  0.375000000000000
  0.000000000000000  0.300000000000000  0.437500000000000
  0.000000000000000  0.300000000000000  0.500000000000000
  0.000000000000000  0.300000000000000  0.562500000000000
  0.000000000000000  0.300000000000000  0.625000000000000
  0.000000000000000  0.300000000000000  0.687500000000000
  0.000000000000000  0.300000000000000  0.750000000000000
  0.000000000000000  0.300000000000000  0.812500000000000
  0.000000000000000  0.300000000000000  0.875000000000000
  0.000000000000000  0.300000000000000  0.937500000000000
  0.000000000000000  0.400000000000000  0.000000000000000
  0.000000000000000  0.400000000000000  0.062500000000000
  0.000000000000000  0.400000000000000  0.125000000000000
  0.000000000000000  0.400000000000000  0.187500000000000
  0.000000000000000  0.400000000000000  0.250000000000000
  0.000000000000000  0.400000000000000  0.312500000000000
  0.000000000000000  0.400000000000000  0.375000000000000
  0.000000000000000  0.400000000000000  0.437500000000000
  0.000000000000000  0.400000000000000  0.500000000000000
  0.000000000000000  0.400000000000000  0.562500000000000
  0.000000000000000  0.400000000000000  0.625000000000000
  0.000000000000000  0.400000000000000  0.687500000000000
  0.000000000000000  0.400000000000000  0.750000000000000
  0.000000000000000  0.400000000000000  0.812500000000000
  0.000000000000000  0.400000000000000  0.875000000000000
  0.000000000000000  0.400000000000000  0.937500000000000
  0.000000000000000  0.500000000000000  0.000000000000000
  0.000000000000000  0.500000000000000  0.062500000000000
  0.000000000000000  0.500000000000000  0.125000000000000
  0.000000000000000  0.500000000000000  0.187500000000000
  0.000000000000000  0.500000000000000  0.250000000000000
  0.000000000000000  0.500000000000000  0.312500000000000
  0.000000000000000  0.500000000000000  0.375000000000000
  0.000000000000000  0.500000000000000  0.437500000000000
  0.000000000000000  0.500000000000000  0.500000000000000
  0.000000000000000  0.500000000000000  0.562500000000000
  0.000000000000000  0.500000000000000  0.625000000000000
  0.000000000000000  0.500000000000000  0.687500000000000
  0.000000000000000  0.500000000000000  0.750000000000000
  0.000000000000000  0.500000000000000  0.812500000000000
  0.000000000000000  0.500000000000000  0.875000000000000
  0.000000000000000  0.500000000000000  0.937500000000000
  0.000000000000000  0.600000000000000  0.000000000000000
  0.000000000000000  0.600000000000000  0.062500000000000
  0.000000000000000  0.600000000000000  0.125000000000000
  0.000000000000000  0.600000000000000  0.187500000000000
  0.000000000000000  0.600000000000000  0.250000000000000
  0.000000000000000  0.600000000000000  0.312500000000000
  0.000000000000000  0.600000000000000  0.375000000000000
  0.000000000000000  0.600000000000000  0.437500000000000
  0.000000000000000  0.600000000000000  0.500000000000000
  0.000000000000000  0.600000000000000  0.562500000000000
  0.000000000000000  0.600000000000000  0.625000000000000
  0.000000000000000  0.600000000000000  0.687500000000000
  0.000000000000000  0.600000000000000  0.750000000000000
  0.000000000000000  0.600000000000000  0.812500000000000
  0.000000000000000  0.600000000000000  0.875000000000000
  0.000000000000000  0.600000000000000  0.937500000000000
  0.000000000000000  0.700000000000000  0.000000000000000
  0.000000000000000  0.700000000000000  0.062500000000000
  0.000000000000000  0.700000000000000  0.125000000000000
  0.000000000000000  0.700000000000000  0.187500000000000
  0.000000000000000  0.700000000000000  0.250000000000000
  0.000000000000000  0.700000000000000  0.312500000000000
  0.000000000000000  0.700000000000000  0.375000000000000
  0.000000000000000  0.700000000000000  0.437500000000000
  0.000000000000000  0.700000000000000  0.500000000000000
  0.000000000000000  0.700000000000000  0.562500000000000
  0.000000000000000  0.700000000000000  0.625000000000000
  0.000000000000000  0.700000000000000  0.687500000000000
  0.000000000000000  0.700000000000000  0.750000000000000
  0.000000000000000  0.700000000000000  0.812500000000000
  0.000000000000000  0.700000000000000  0.875000000000000
  0.000000000000000  0.700000000000000  0.937500000000000
  0.000000000000000  0.800000000000000  0.000000000000000
  0.000000000000000  0.800000000000000  0.062500000000000
  0.000000000000000  0.800000000000000  0.125000000000000
  0.000000000000000  0.800000000000000  0.187500000000000
  0.000000000000000  0.800000000000000  0.250000000000000
  0.000000000000000  0.800000000000000  0.312500000000000
  0.000000000000000  0.800000000000000  0.375000000000000
  0.000000000000000  0.800000000000000  0.437500000000000
  0.000000000000000  0.800000000000000  0.500000000000000
  0.000000000000000  0.800000000000000  0.562500000000000
  0.000000000000000  0.800000000000000  0.625000000000000
  0.000000000000000  0.800000000000000  0.687500000000000
  0.000000000000000  0.800000000000000  0.750000000000000
  0.000000000000000  0.800000000000000  0.812500000000000
  0.000000000000000  0.800000000000000  0.875000000000000
  0.000000000000000  0.800000000000000  0.937500000000000
  0.000000000000000  0.900000000000000  0.000000000000000
  0.000000000000000  0.900000000000000  0.062500000000000
  0.000000000000000  0.900000000000000  0.125000000000000
  0.000000000000000  0.900000000000000  0.187500000000000
  0.000000000000000  0.900000000000000  0.250000000000000
  0.000000000000000  0.900000000000000  0.312500000000000
  0.000000000000000  0.900000000000000  0.375000000000000
  0.000000000000000  0.900000000000000  0.437500000000000
  0.000000000000000  0.900000000000000  0.500000000000000
  0.000000000000000  0.900000000000000  0.562500000000000
  0.000000000000000  0.900000000000000  0.625000000000000
  0.000000000000000  0.900000000000000  0.687500000000000
  0.000000000000000  0.900000000000000  0.750000000000000
  0.000000000000000  0.900000000000000  0.812500000000000
  0.000000000000000  0.900000000000000  0.875000000000000
  0.000000000000000  0.900000000000000  0.937500000000000
  0.100000000000000  0.000000000000000  0.000000000000000
  0.100000000000000  0.000000000000000  0.062500000000000
  0.100000000000000  0.000000000000000  0.125000000000000
  0.100000000000000  0.000000000000000  0.187500000000000
  0.100000000000000  0.000000000000000  0.250000000000000
  0.100000000000000  0.000000000000000  0.312500000000000
  0.100000000000000  0.000000000000000  0.375000000000000
  0.100000000000000  0.000000000000000  0.437500000000000
  0.100000000000000  0.000000000000000  0.500000000000000
  0.100000000000000  0.000000000000000  0.562500000000000
  0.100000000000000  0.000000000000000  0.625000000000000
  0.100000000000000  0.000000000000000  0.687500000000000
  0.100000000000000  0.000000000000000  0.750000000000000
  0.100000000000000  0.000000000000000  0.812500000000000
  0.100000000000000  0.000000000000000  0.875000000000000
  0.100000000000000  0.000000000000000  0.937500000000000
  0.100000000000000  0.100000000000000  0.000000000000000
  0.100000000000000  0.100000000000000  0.062500000000000
  0.100000000000000  0.100000000000000  0.125000000000000
  0.100000000000000  0.100000000000000  0.187500000000000
  0.100000000000000  0.100000000000000  0.250000000000000
  0.100000000000000  0.100000000000000  0.312500000000000
  0.100000000000000  0.100000000000000  0.375000000000000
  0.100000000000000  0.100000000000000  0.437500000000000
  0.100000000000000  0.100000000000000  0.500000000000000
  0.100000000000000  0.100000000000000  0.562500000000000
  0.100000000000000  0.100000000000000  0.625000000000000
  0.100000000000000  0.100000000000000  0.687500000000000
  0.100000000000000  0.100000000000000  0.750000000000000
  0.100000000000000  0.100000000000000  0.812500000000000
  0.100000000000000  0.100000000000000  0.875000000000000
  0.100000000000000  0.100000000000000  0.937500000000000
  0.100000000000000  0.200000000000000  0.000000000000000
  0.100000000000000  0.200000000000000  0.062500000000000
  0.100000000000000  0.200000000000000  0.125000000000000
  0.100000000000000  0.200000000000000  0.187500000000000
  0.100000000000000  0.200000000000000  0.250000000000000
  0.100000000000000  0.200000000000000  0.312500000000000
  0.100000000000000  0.200000000000000  0.375000000000000
  0.100000000000000  0.200000000000000  0.437500000000000
  0.100000000000000  0.200000000000000  0.500000000000000
  0.100000000000000  0.200000000000000  0.562500000000000
  0.100000000000000  0.200000000000000  0.625000000000000
  0.100000000000000  0.200000000000000  0.687500000000000
  0.100000000000000  0.200000000000000  0.750000000000000
  0.100000000000000  0.200000000000000  0.812500000000000
  0.100000000000000  0.200000000000000  0.875000000000000
  0.100000000000000  0.200000000000000  0.937500000000000
  0.100000000000000  0.300000000000000  0.000000000000000
  0.100000000000000  0.300000000000000  0.062500000000000
  0.100000000000000  0.300000000000000  0.125000000000000
  0.100000000000000  0.300000000000000  0.187500000000000
  0.100000000000000  0.300000000000000  0.250000000000000
  0.100000000000000  0.300000000000000  0.312500000000000
  0.100000000000000  0.300000000000000  0.375000000000000
  0.100000000000000  0.300000000000000  0.437500000000000
  0.100000000000000  0.300000000000000  0.500000000000000
  0.100000000000000  0.300000000000000  0.562500000000000
  0.100000000000000  0.300000000000000  0.625000000000000
  0.100000000000000  0.300000000000000  0.687500000000000
  0.100000000000000  0.300000000000000  0.750000000000000
  0.100000000000000  0.300000000000000  0.812500000000000
  0.100000000000000  0.300000000000000  0.875000000000000
  0.100000000000000  0.300000000000000  0.937500000000000
  0.100000000000000  0.400000000000000  0.000000000000000
  0.100000000000000  0.400000000000000  0.062500000000000
  0.100000000000000  0.400000000000000  0.125000000000000
  0.100000000000000  0.400000000000000  0.187500000000000
  0.100000000000000  0.400000000000000  0.250000000000000
  0.100000000000000  0.400000000000000  0.312500000000000
  0.100000000000000  0.400000000000000  0.375000000000000
  0.100000000000000  0.400000000000000  0.437500000000000
  0.100000000000000  0.400000000000000  0.500000000000000
  0.100000000000000  0.400000000000000  0.562500000000000
  0.100000000000000  0.400000000000000  0.625000000000000
  0.100000000000000  0.400000000000000  0.687500000000000
  0.100000000000000  0.400000000000000  0.750000000000000
  0.100000000000000  0.400000000000000  0.812500000000000
  0.100000000000000  0.400000000000000  0.875000000000000
  0.100000000000000  0.400000000000000  0.937500000000000
  0.100000000000000  0.500000000000000  0.000000000000000
  0.100000000000000  0.500000000000000  0.062500000000000
  0.100000000000000  0.500000000000000  0.125000000000000
  0.100000000000000  0.500000000000000  0.187500000000000
  0.100000000000000  0.500000000000000  0.250000000000000
  0.100000000000000  0.500000000000000  0.312500000000000
  0.100000000000000  0.500000000000000  0.375000000000000
  0.100000000000000  0.500000000000000  0.437500000000000
  0.100000000000000  0.500000000000000  0.500000000000000
  0.100000000000000  0.500000000000000  0.562500000000000
  0.100000000000000  0.500000000000000  0.625000000000000
  0.100000000000000  0.500000000000000  0.687500000000000
  0.100000000000000  0.500000000000000  0.750000000000000
  0.100000000000000  0.500000000000000  0.812500000000000
  0.100000000000000  0.500000000000000  0.875000000000000
  0.100000000000000  0.500000000000000  0.937500000000000
  0.100000000000000  0.600000000000000  0.000000000000000
  0.100000000000000  0.600000000000000  0.062500000000000
  0.100000000000000  0.600000000000000  0.125000000000000
  0.100000000000000  0.600000000000000  0.187500000000000
  0.100000000000000  0.600000000000000  0.250000000000000
  0.100000000000000  0.600000000000000  0.312500000000000
  0.100000000000000  0.600000000000000  0.375000000000000
  0.100000000000000  0.600000000000000  0.437500000000000
  0.100000000000000  0.600000000000000  0.500000000000000
  0.100000000000000  0.600000000000000  0.562500000000000
  0.100000000000000  0.600000000000000  0.625000000000000
  0.100000000000000  0.600000000000000  0.687500000000000
  0.100000000000000  0.600000000000000  0.750000000000000
  0.100000000000000  0.600000000000000  0.812500000000000
  0.100000000000000  0.600000000000000  0.875000000000000
  0.100000000000000  0.600000000000000  0.937500000000000
  0.100000000000000  0.700000000000000  0.000000000000000
  0.100000000000000  0.700000000000000  0.062500000000000
  0.100000000000000  0.700000000000000  0.125000000000000
  0.100000000000000  0.700000000000000  0.187500000000000
  0.100000000000000  0.700000000000000  0.250000000000000
  0.100000000000000  0.700000000000000  0.312500000000000
  0.100000000000000  0.700000000000000  0.375000000000000
  0.100000000000000  0.700000000000000  0.437500000000000
  0.100000000000000  0.700000000000000  0.500000000000000
  0.100000000000000  0.700000000000000  0.562500000000000
  0.100000000000000  0.700000000000000  0.625000000000000
  0.100000000000000  0.700000000000000  0.687500000000000
  0.100000000000000  0.700000000000000  0.750000000000000
  0.100000000000000  0.700000000000000  0.812500000000000
  0.100000000000000  0.700000000000000  0.875000000000000
  0.100000000000000  0.700000000000000  0.937500000000000
  0.100000000000000  0.800000000000000  0.000000000000000
  0.100000000000000  0.800000000000000  0.062500000000000
  0.100000000000000  0.800000000000000  0.125000000000000
  0.100000000000000  0.800000000000000  0.187500000000000
  0.100000000000000  0.800000000000000  0.250000000000000
  0.100000000000000  0.800000000000000  0.312500000000000
  0.100000000000000  0.800000000000000  0.375000000000000
  0.100000000000000  0.800000000000000  0.437500000000000
  0.100000000000000  0.800000000000000  0.500000000000000
  0.100000000000000  0.800000000000000  0.562500000000000
  0.100000000000000  0.800000000000000  0.625000000000000
  0.100000000000000  0.800000000000000  0.687500000000000
  0.100000000000000  0.800000000000000  0.750000000000000
  0.100000000000000  0.800000000000000  0.812500000000000
  0.100000000000000  0.800000000000000  0.875000000000000
  0.100000000000000  0.800000000000000  0.937500000000000
  0.100000000000000  0.900000000000000  0.000000000000000
  0.100000000000000  0.900000000000000  0.062500000000000
  0.100000000000000  0.900000000000000  0.125000000000000
  0.100000000000000  0.900000000000000  0.187500000000000
  0.100000000000000  0.900000000000000  0.250000000000000
  0.100000000000000  0.900000000000000  0.312500000000000
  0.100000000000000  0.900000000000000  0.375000000000000
  0.100000000000000  0.900000000000000  0.437500000000000
  0.100000000000000  0.900000000000000  0.500000000000000
  0.100000000000000  0.900000000000000  0.562500000000000
  0.100000000000000  0.900000000000000  0.625000000000000
  0.100000000000000  0.900000000000000  0.687500000000000
  0.100000000000000  0.900000000000000  0.750000000000000
  0.100000000000000  0.900000000000000  0.812500000000000
  0.100000000000000  0.900000000000000  0.875000000000000
  0.100000000000000  0.900000000000000  0.937500000000000
  0.200000000000000  0.000000000000000  0.000000000000000
  0.200000000000000  0.000000000000000  0.062500000000000
  0.200000000000000  0.000000000000000  0.125000000000000
  0.200000000000000  0.000000000000000  0.187500000000000
  0.200000000000000  0.000000000000000  0.250000000000000
  0.200000000000000  0.000000000000000  0.312500000000000
  0.200000000000000  0.000000000000000  0.375000000000000
  0.200000000000000  0.000000000000000  0.437500000000000
  0.200000000000000  0.000000000000000  0.500000000000000
  0.200000000000000  0.000000000000000  0.562500000000000
  0.200000000000000  0.000000000000000  0.625000000000000
  0.200000000000000  0.000000000000000  0.687500000000000
  0.200000000000000  0.000000000000000  0.750000000000000
  0.200000000000000  0.000000000000000  0.812500000000000
  0.200000000000000  0.000000000000000  0.875000000000000
  0.200000000000000  0.000000000000000  0.937500000000000
  0.200000000000000  0.100000000000000  0.000000000000000
  0.200000000000000  0.100000000000000  0.062500000000000
  0.200000000000000  0.100000000000000  0.125000000000000
  0.200000000000000  0.100000000000000  0.187500000000000
  0.200000000000000  0.100000000000000  0.250000000000000
  0.200000000000000  0.100000000000000  0.312500000000000
  0.200000000000000  0.100000000000000  0.375000000000000
  0.200000000000000  0.100000000000000  0.437500000000000
  0.200000000000000  0.100000000000000  0.500000000000000
  0.200000000000000  0.100000000000000  0.562500000000000
  0.200000000000000  0.100000000000000  0.625000000000000
  0.200000000000000  0.100000000000000  0.687500000000000
  0.200000000000000  0.100000000000000  0.750000000000000
  0.200000000000000  0.100000000000000  0.812500000000000
  0.200000000000000  0.100000000000000  0.875000000000000
  0.200000000000000  0.100000000000000  0.937500000000000
  0.200000000000000  0.200000000000000  0.000000000000000
  0.200000000000000  0.200000000000000  0.062500000000000
  0.200000000000000  0.200000000000000  0.125000000000000
  0.200000000000000  0.200000000000000  0.187500000000000
  0.200000000000000  0.200000000000000  0.250000000000000
  0.200000000000000  0.200000000000000  0.312500000000000
  0.200000000000000  0.200000000000000  0.375000000000000
  0.200000000000000  0.200000000000000  0.437500000000000
  0.200000000000000  0.200000000000000  0.500000000000000
  0.200000000000000  0.200000000000000  0.562500000000000
  0.200000000000000  0.200000000000000  0.625000000000000
  0.200000000000000  0.200000000000000  0.687500000000000
  0.200000000000000  0.200000000000000  0.750000000000000
  0.200000000000000  0.200000000000000  0.812500000000000
  0.200000000000000  0.200000000000000  0.875000000000000
  0.200000000000000  0.200000000000000  0.937500000000000
  0.200000000000000  0.300000000000000  0.000000000000000
  0.200000000000000  0.300000000000000  0.062500000000000
  0.200000000000000  0.300000000000000  0.125000000000000
  0.200000000000000  0.300000000000000  0.187500000000000
  0.200000000000000  0.300000000000000  0.250000000000000
  0.200000000000000  0.300000000000000  0.312500000000000
  0.200000000000000  0.300000000000000  0.375000000000000
  0.200000000000000  0.300000000000000  0.437500000000000
  0.200000000000000  0.300000000000000  0.500000000000000
  0.200000000000000  0.300000000000000  0.562500000000000
  0.200000000000000  0.300000000000000  0.625000000000000
  0.200000000000000  0.300000000000000  0.687500000000000
  0.200000000000000  0.300000000000000  0.750000000000000
  0.200000000000000  0.300000000000000  0.812500000000000
  0.200000000000000  0.300000000000000  0.875000000000000
  0.200000000000000  0.300000000000000  0.937500000000000
  0.200000000000000  0.400000000000000  0.000000000000000
  0.200000000000000  0.400000000000000  0.062500000000000
  0.200000000000000  0.400000000000000  0.125000000000000
  0.200000000000000  0.400000000000000  0.187500000000000
  0.200000000000000  0.400000000000000  0.250000000000000
  0.200000000000000  0.400000000000000  0.312500000000000
  0.200000000000000  0.400000000000000  0.375000000000000
  0.200000000000000  0.400000000000000  0.437500000000000
  0.200000000000000  0.400000000000000  0.500000000000000
  0.200000000000000  0.400000000000000  0.562500000000000
  0.200000000000000  0.400000000000000  0.625000000000000
  0.200000000000000  0.400000000000000  0.687500000000000
  0.200000000000000  0.400000000000000  0.750000000000000
  0.200000000000000  0.400000000000000  0.812500000000000
  0.200000000000000  0.400000000000000  0.875000000000000
  0.200000000000000  0.400000000000000  0.937500000000000
  0.200000000000000  0.500000000000000  0.000000000000000
  0.200000000000000  0.500000000000000  0.062500000000000
  0.200000000000000  0.500000000000000  0.125000000000000
  0.200000000000000  0.500000000000000  0.187500000000000
  0.200000000000000  0.500000000000000  0.250000000000000
  0.200000000000000  0.500000000000000  0.312500000000000
  0.200000000000000  0.500000000000000  0.375000000000000
  0.200000000000000  0.500000000000000  0.437500000000000
  0.200000000000000  0.500000000000000  0.500000000000000
  0.200000000000000  0.500000000000000  0.562500000000000
  0.200000000000000  0.500000000000000  0.625000000000000
  0.200000000000000  0.500000000000000  0.687500000000000
  0.200000000000000  0.500000000000000  0.750000000000000
  0.200000000000000  0.500000000000000  0.812500000000000
  0.200000000000000  0.500000000000000  0.875000000000000
  0.200000000000000  0.500000000000000  0.937500000000000
  0.200000000000000  0.600000000000000  0.000000000000000
  0.200000000000000  0.600000000000000  0.062500000000000
  0.200000000000000  0.600000000000000  0.125000000000000
  0.200000000000000  0.600000000000000  0.187500000000000
  0.200000000000000  0.600000000000000  0.250000000000000
  0.200000000000000  0.600000000000000  0.312500000000000
  0.200000000000000  0.600000000000000  0.375000000000000
  0.200000000000000  0.600000000000000  0.437500000000000
  0.200000000000000  0.600000000000000  0.500000000000000
  0.200000000000000  0.600000000000000  0.562500000000000
  0.200000000000000  0.600000000000000  0.625000000000000
  0.200000000000000  0.600000000000000  0.687500000000000
  0.200000000000000  0.600000000000000  0.750000000000000
  0.200000000000000  0.600000000000000  0.812500000000000
  0.200000000000000  0.600000000000000  0.875000000000000
  0.200000000000000  0.600000000000000  0.937500000000000
  0.200000000000000  0.700000000000000  0.000000000000000
  0.200000000000000  0.700000000000000  0.062500000000000
  0.200000000000000  0.700000000000000  0.125000000000000
  0.200000000000000  0.700000000000000  0.187500000000000
  0.200000000000000  0.700000000000000  0.250000000000000
  0.200000000000000  0.700000000000000  0.312500000000000
  0.200000000000000  0.700000000000000  0.375000000000000
  0.200000000000000  0.700000000000000  0.437500000000000
  0.200000000000000  0.700000000000000  0.500000000000000
  0.200000000000000  0.700000000000000  0.562500000000000
  0.200000000000000  0.700000000000000  0.625000000000000
  0.200000000000000  0.700000000000000  0.687500000000000
  0.200000000000000  0.700000000000000  0.750000000000000
  0.200000000000000  0.700000000000000  0.812500000000000
  0.200000000000000  0.700000000000000  0.875000000000000
  0.200000000000000  0.700000000000000  0.937500000000000
  0.200000000000000  0.800000000000000  0.000000000000000
  0.200000000000000  0.800000000000000  0.062500000000000
  0.200000000000000  0.800000000000000  0.125000000000000
  0.200000000000000  0.800000000000000  0.187500000000000
  0.200000000000000  0.800000000000000  0.250000000000000
  0.200000000000000  0.800000000000000  0.312500000000000
  0.200000000000000  0.800000000000000  0.375000000000000
  0.200000000000000  0.800000000000000  0.437500000000000
  0.200000000000000  0.800000000000000  0.500000000000000
  0.200000000000000  0.800000000000000  0.562500000000000
  0.200000000000000  0.800000000000000  0.625000000000000
  0.200000000000000  0.800000000000000  0.687500000000000
  0.200000000000000  0.800000000000000  0.750000000000000
  0.200000000000000  0.800000000000000  0.812500000000000
  0.200000000000000  0.800000000000000  0.875000000000000
  0.200000000000000  0.800000000000000  0.937500000000000
  0.200000000000000  0.900000000000000  0.000000000000000
  0.200000000000000  0.900000000000000  0.062500000000000
  0.200000000000000  0.900000000000000  0.125000000000000
  0.200000000000000  0.900000000000000  0.187500000000000
  0.200000000000000  0.900000000000000  0.250000000000000
  0.200000000000000  0.900000000000000  0.312500000000000
  0.200000000000000  0.900000000000000  0.375000000000000
  0.200000000000000  0.900000000000000  0.437500000000000
  0.200000000000000  0.900000000000000  0.500000000000000
  0.200000000000000  0.900000000000000  0.562500000000000
  0.200000000000000  0.900000000000000  0.625000000000000
  0.200000000000000  0.900000000000000  0.687500000000000
  0.200000000000000  0.900000000000000  0.750000000000000
  0.200000000000000  0.900000000000000  0.812500000000000
  0.200000000000000  0.900000000000000  0.875000000000000
  0.200000000000000  0.900000000000000  0.937500000000000
  0.300000000000000  0.000000000000000  0.000000000000000
  0.300000000000000  0.000000000000000  0.062500000000000
  0.300000000000000  0.000000000000000  0.125000000000000
  0.300000000000000  0.000000000000000  0.187500000000000
  0.300000000000000  0.000000000000000  0.250000000000000
  0.300000000000000  0.000000000000000  0.312500000000000
  0.300000000000000  0.000000000000000  0.375000000000000
  0.300000000000000  0.000000000000000  0.437500000000000
  0.300000000000000  0.000000000000000  0.500000000000000
  0.300000000000000  0.000000000000000  0.562500000000000
  0.300000000000000  0.000000000000000  0.625000000000000
  0.300000000000000  0.000000000000000  0.687500000000000
  0.300000000000000  0.000000000000000  0.750000000000000
  0.300000000000000  0.000000000000000  0.812500000000000
  0.300000000000000  0.000000000000000  0.875000000000000
  0.300000000000000  0.000000000000000  0.937500000000000
  0.300000000000000  0.100000000000000  0.000000000000000
  0.300000000000000  0.100000000000000  0.062500000000000
  0.300000000000000  0.100000000000000  0.125000000000000
  0.300000000000000  0.100000000000000  0.187500000000000
  0.300000000000000  0.100000000000000  0.250000000000000
  0.300000000000000  0.100000000000000  0.312500000000000
  0.300000000000000  0.100000000000000  0.375000000000000
  0.300000000000000  0.100000000000000  0.437500000000000
  0.300000000000000  0.100000000000000  0.500000000000000
  0.300000000000000  0.100000000000000  0.562500000000000
  0.300000000000000  0.100000000000000  0.625000000000000
  0.300000000000000  0.100000000000000  0.687500000000000
  0.300000000000000  0.100000000000000  0.750000000000000
  0.300000000000000  0.100000000000000  0.812500000000000
  0.300000000000000  0.100000000000000  0.875000000000000
  0.300000000000000  0.100000000000000  0.937500000000000
  0.300000000000000  0.200000000000000  0.000000000000000
  0.300000000000000  0.200000000000000  0.062500000000000
  0.300000000000000  0.200000000000000  0.125000000000000
  0.300000000000000  0.200000000000000  0.187500000000000
  0.300000000000000  0.200000000000000  0.250000000000000
  0.300000000000000  0.200000000000000  0.312500000000000
  0.300000000000000  0.200000000000000  0.375000000000000
  0.300000000000000  0.200000000000000  0.437500000000000
  0.300000000000000  0.200000000000000  0.500000000000000
  0.300000000000000  0.200000000000000  0.562500000000000
  0.300000000000000  0.200000000000000  0.625000000000000
  0.300000000000000  0.200000000000000  0.687500000000000
  0.300000000000000  0.200000000000000  0.750000000000000
  0.300000000000000  0.200000000000000  0.812500000000000
  0.300000000000000  0.200000000000000  0.875000000000000
  0.300000000000000  0.200000000000000  0.937500000000000
  0.300000000000000  0.300000000000000  0.000000000000000
  0.300000000000000  0.300000000000000  0.062500000000000
  0.300000000000000  0.300000000000000  0.125000000000000
  0.300000000000000  0.300000000000000  0.187500000000000
  0.300000000000000  0.300000000000000  0.250000000000000
  0.300000000000000  0.300000000000000  0.312500000000000
  0.300000000000000  0.300000000000000  0.375000000000000
  0.300000000000000  0.300000000000000  0.437500000000000
  0.300000000000000  0.300000000000000  0.500000000000000
  0.300000000000000  0.300000000000000  0.562500000000000
  0.300000000000000  0.300000000000000  0.625000000000000
  0.300000000000000  0.300000000000000  0.687500000000000
  0.300000000000000  0.300000000000000  0.750000000000000
  0.300000000000000  0.300000000000000  0.812500000000000
  0.300000000000000  0.300000000000000  0.875000000000000
  0.300000000000000  0.300000000000000  0.937500000000000
  0.300000000000000  0.400000000000000  0.000000000000000
  0.300000000000000  0.400000000000000  0.062500000000000
  0.300000000000000  0.400000000000000  0.125000000000000
  0.300000000000000  0.400000000000000  0.187500000000000
  0.300000000000000  0.400000000000000  0.250000000000000
  0.300000000000000  0.400000000000000  0.312500000000000
  0.300000000000000  0.400000000000000  0.375000000000000
  0.300000000000000  0.400000000000000  0.437500000000000
  0.300000000000000  0.400000000000000  0.500000000000000
  0.300000000000000  0.400000000000000  0.562500000000000
  0.300000000000000  0.400000000000000  0.625000000000000
  0.300000000000000  0.400000000000000  0.687500000000000
  0.300000000000000  0.400000000000000  0.750000000000000
  0.300000000000000  0.400000000000000  0.812500000000000
  0.300000000000000  0.400000000000000  0.875000000000000
  0.300000000000000  0.400000000000000  0.937500000000000
  0.300000000000000  0.500000000000000  0.000000000000000
  0.300000000000000  0.500000000000000  0.062500000000000
  0.300000000000000  0.500000000000000  0.125000000000000
  0.300000000000000  0.500000000000000  0.187500000000000
  0.300000000000000  0.500000000000000  0.250000000000000
  0.300000000000000  0.500000000000000  0.312500000000000
  0.300000000000000  0.500000000000000  0.375000000000000
  0.300000000000000  0.500000000000000  0.437500000000000
  0.300000000000000  0.500000000000000  0.500000000000000
  0.300000000000000  0.500000000000000  0.562500000000000
  0.300000000000000  0.500000000000000  0.625000000000000
  0.300000000000000  0.500000000000000  0.687500000000000
  0.300000000000000  0.500000000000000  0.750000000000000
  0.300000000000000  0.500000000000000  0.812500000000000
  0.300000000000000  0.500000000000000  0.875000000000000
  0.300000000000000  0.500000000000000  0.937500000000000
  0.300000000000000  0.600000000000000  0.000000000000000
  0.300000000000000  0.600000000000000  0.062500000000000
  0.300000000000000  0.600000000000000  0.125000000000000
  0.300000000000000  0.600000000000000  0.187500000000000
  0.300000000000000  0.600000000000000  0.250000000000000
  0.300000000000000  0.600000000000000  0.312500000000000
  0.300000000000000  0.600000000000000  0.375000000000000
  0.300000000000000  0.600000000000000  0.437500000000000
  0.300000000000000  0.600000000000000  0.500000000000000
  0.300000000000000  0.600000000000000  0.562500000000000
  0.300000000000000  0.600000000000000  0.625000000000000
  0.300000000000000  0.600000000000000  0.687500000000000
  0.300000000000000  0.600000000000000  0.750000000000000
  0.300000000000000  0.600000000000000  0.812500000000000
  0.300000000000000  0.600000000000000  0.875000000000000
  0.300000000000000  0.600000000000000  0.937500000000000
  0.300000000000000  0.700000000000000  0.000000000000000
  0.300000000000000  0.700000000000000  0.062500000000000
  0.300000000000000  0.700000000000000  0.125000000000000
  0.300000000000000  0.700000000000000  0.187500000000000
  0.300000000000000  0.700000000000000  0.250000000000000
  0.300000000000000  0.700000000000000  0.312500000000000
  0.300000000000000  0.700000000000000  0.375000000000000
  0.300000000000000  0.700000000000000  0.437500000000000
  0.300000000000000  0.700000000000000  0.500000000000000
  0.300000000000000  0.700000000000000  0.562500000000000
  0.300000000000000  0.700000000000000  0.625000000000000
  0.300000000000000  0.700000000000000  0.687500000000000
  0.300000000000000  0.700000000000000  0.750000000000000
  0.300000000000000  0.700000000000000  0.812500000000000
  0.300000000000000  0.700000000000000  0.875000000000000
  0.300000000000000  0.700000000000000  0.937500000000000
  0.300000000000000  0.800000000000000  0.000000000000000
  0.300000000000000  0.800000000000000  0.062500000000000
  0.300000000000000  0.800000000000000  0.125000000000000
  0.300000000000000  0.800000000000000  0.187500000000000
  0.300000000000000  0.800000000000000  0.250000000000000
  0.300000000000000  0.800000000000000  0.312500000000000
  0.300000000000000  0.800000000000000  0.375000000000000
  0.300000000000000  0.800000000000000  0.437500000000000
  0.300000000000000  0.800000000000000  0.500000000000000
  0.300000000000000  0.800000000000000  0.562500000000000
  0.300000000000000  0.800000000000000  0.625000000000000
  0.300000000000000  0.800000000000000  0.687500000000000
  0.300000000000000  0.800000000000000  0.750000000000000
  0.300000000000000  0.800000000000000  0.812500000000000
  0.300000000000000  0.800000000000000  0.875000000000000
  0.300000000000000  0.800000000000000  0.937500000000000
  0.300000000000000  0.900000000000000  0.000000000000000
  0.300000000000000  0.900000000000000  0.062500000000000
  0.300000000000000  0.900000000000000  0.125000000000000
  0.300000000000000  0.900000000000000  0.187500000000000
  0.300000000000000  0.900000000000000  0.250000000000000
  0.300000000000000  0.900000000000000  0.312500000000000
  0.300000000000000  0.900000000000000  0.375000000000000
  0.300000000000000  0.900000000000000  0.437500000000000
  0.300000000000000  0.900000000000000  0.500000000000000
  0.300000000000000  0.900000000000000  0.562500000000000
  0.300000000000000  0.900000000000000  0.625000000000000
  0.300000000000000  0.900000000000000  0.687500000000000
  0.300000000000000  0.900000000000000  0.750000000000000
  0.300000000000000  0.900000000000000  0.812500000000000
  0.300000000000000  0.900000000000000  0.875000000000000
  0.300000000000000  0.900000000000000  0.937500000000000
  0.400000000000000  0.000000000000000  0.000000000000000
  0.400000000000000  0.000000000000000  0.062500000000000
  0.400000000000000  0.000000000000000  0.125000000000000
  0.400000000000000  0.000000000000000  0.187500000000000
  0.400000000000000  0.000000000000000  0.250000000000000
  0.400000000000000  0.000000000000000  0.312500000000000
  0.400000000000000  0.000000000000000  0.375000000000000
  0.400000000000000  0.000000000000000  0.437500000000000
  0.400000000000000  0.000000000000000  0.500000000000000
  0.400000000000000  0.000000000000000  0.562500000000000
  0.400000000000000  0.000000000000000  0.625000000000000
  0.400000000000000  0.000000000000000  0.687500000000000
  0.400000000000000  0.000000000000000  0.750000000000000
  0.400000000000000  0.000000000000000  0.812500000000000
  0.400000000000000  0.000000000000000  0.875000000000000
  0.400000000000000  0.000000000000000  0.937500000000000
  0.400000000000000  0.100000000000000  0.000000000000000
  0.400000000000000  0.100000000000000  0.062500000000000
  0.400000000000000  0.100000000000000  0.125000000000000
  0.400000000000000  0.100000000000000  0.187500000000000
  0.400000000000000  0.100000000000000  0.250000000000000
  0.400000000000000  0.100000000000000  0.312500000000000
  0.400000000000000  0.100000000000000  0.375000000000000
  0.400000000000000  0.100000000000000  0.437500000000000
  0.400000000000000  0.100000000000000  0.500000000000000
  0.400000000000000  0.100000000000000  0.562500000000000
  0.400000000000000  0.100000000000000  0.625000000000000
  0.400000000000000  0.100000000000000  0.687500000000000
  0.400000000000000  0.100000000000000  0.750000000000000
  0.400000000000000  0.100000000000000  0.812500000000000
  0.400000000000000  0.100000000000000  0.875000000000000
  0.400000000000000  0.100000000000000  0.937500000000000
  0.400000000000000  0.200000000000000  0.000000000000000
  0.400000000000000  0.200000000000000  0.062500000000000
  0.400000000000000  0.200000000000000  0.125000000000000
  0.400000000000000  0.200000000000000  0.187500000000000
  0.400000000000000  0.200000000000000  0.250000000000000
  0.400000000000000  0.200000000000000  0.312500000000000
  0.400000000000000  0.200000000000000  0.375000000000000
  0.400000000000000  0.200000000000000  0.437500000000000
  0.400000000000000  0.200000000000000  0.500000000000000
  0.400000000000000  0.200000000000000  0.562500000000000
  0.400000000000000  0.200000000000000  0.625000000000000
  0.400000000000000  0.200000000000000  0.687500000000000
  0.400000000000000  0.200000000000000  0.750000000000000
  0.400000000000000  0.200000000000000  0.812500000000000
  0.400000000000000  0.200000000000000  0.875000000000000
  0.400000000000000  0.200000000000000  0.937500000000000
  0.400000000000000  0.300000000000000  0.000000000000000
  0.400000000000000  0.300000000000000  0.062500000000000
  0.400000000000000  0.300000000000000  0.125000000000000
  0.400000000000000  0.300000000000000  0.187500000000000
  0.400000000000000  0.300000000000000  0.250000000000000
  0.400000000000000  0.300000000000000  0.312500000000000
  0.400000000000000  0.300000000000000  0.375000000000000
  0.400000000000000  0.300000000000000  0.437500000000000
  0.400000000000000  0.300000000000000  0.500000000000000
  0.400000000000000  0.300000000000000  0.562500000000000
  0.400000000000000  0.300000000000000  0.625000000000000
  0.400000000000000  0.300000000000000  0.687500000000000
  0.400000000000000  0.300000000000000  0.750000000000000
  0.400000000000000  0.300000000000000  0.812500000000000
  0.400000000000000  0.300000000000000  0.875000000000000
  0.400000000000000  0.300000000000000  0.937500000000000
  0.400000000000000  0.400000000000000  0.000000000000000
  0.400000000000000  0.400000000000000  0.062500000000000
  0.400000000000000  0.400000000000000  0.125000000000000
  0.400000000000000  0.400000000000000  0.187500000000000
  0.400000000000000  0.400000000000000  0.250000000000000
  0.400000000000000  0.400000000000000  0.312500000000000
  0.400000000000000  0.400000000000000  0.375000000000000
  0.400000000000000  0.400000000000000  0.437500000000000
  0.400000000000000  0.400000000000000  0.500000000000000
  0.400000000000000  0.400000000000000  0.562500000000000
  0.400000000000000  0.400000000000000  0.625000000000000
  0.400000000000000  0.400000000000000  0.687500000000000
  0.400000000000000  0.400000000000000  0.750000000000000
  0.400000000000000  0.400000000000000  0.812500000000000
  0.400000000000000  0.400000000000000  0.875000000000000
  0.400000000000000  0.400000000000000  0.937500000000000
  0.400000000000000  0.500000000000000  0.000000000000000
  0.400000000000000  0.500000000000000  0.062500000000000
  0.400000000000000  0.500000000000000  0.125000000000000
  0.400000000000000  0.500000000000000  0.187500000000000
  0.400000000000000  0.500000000000000  0.250000000000000
  0.400000000000000  0.500000000000000  0.312500000000000
  0.400000000000000  0.500000000000000  0.375000000000000
  0.400000000000000  0.500000000000000  0.437500000000000
  0.400000000000000  0.500000000000000  0.500000000000000
  0.400000000000000  0.500000000000000  0.562500000000000
  0.400000000000000  0.500000000000000  0.625000000000000
  0.400000000000000  0.500000000000000  0.687500000000000
  0.400000000000000  0.500000000000000  0.750000000000000
  0.400000000000000  0.500000000000000  0.812500000000000
  0.400000000000000  0.500000000000000  0.875000000000000
  0.400000000000000  0.500000000000000  0.937500000000000
  0.400000000000000  0.600000000000000  0.000000000000000
  0.400000000000000  0.600000000000000  0.062500000000000
  0.400000000000000  0.600000000000000  0.125000000000000
  0.400000000000000  0.600000000000000  0.187500000000000
  0.400000000000000  0.600000000000000  0.250000000000000
  0.400000000000000  0.600000000000000  0.312500000000000
  0.400000000000000  0.600000000000000  0.375000000000000
  0.400000000000000  0.600000000000000  0.437500000000000
  0.400000000000000  0.600000000000000  0.500000000000000
  0.400000000000000  0.600000000000000  0.562500000000000
  0.400000000000000  0.600000000000000  0.625000000000000
  0.400000000000000  0.600000000000000  0.687500000000000
  0.400000000000000  0.600000000000000  0.750000000000000
  0.400000000000000  0.600000000000000  0.812500000000000
  0.400000000000000  0.600000000000000  0.875000000000000
  0.400000000000000  0.600000000000000  0.937500000000000
  0.400000000000000  0.700000000000000  0.000000000000000
  0.400000000000000  0.700000000000000  0.062500000000000
  0.400000000000000  0.700000000000000  0.125000000000000
  0.400000000000000  0.700000000000000  0.187500000000000
  0.400000000000000  0.700000000000000  0.250000000000000
  0.400000000000000  0.700000000000000  0.312500000000000
  0.400000000000000  0.700000000000000  0.375000000000000
  0.400000000000000  0.700000000000000  0.437500000000000
  0.400000000000000  0.700000000000000  0.500000000000000
  0.400000000000000  0.700000000000000  0.562500000000000
  0.400000000000000  0.700000000000000  0.625000000000000
  0.400000000000000  0.700000000000000  0.687500000000000
  0.400000000000000  0.700000000000000  0.750000000000000
  0.400000000000000  0.700000000000000  0.812500000000000
  0.400000000000000  0.700000000000000  0.875000000000000
  0.400000000000000  0.700000000000000  0.937500000000000
  0.400000000000000  0.800000000000000  0.000000000000000
  0.400000000000000  0.800000000000000  0.062500000000000
  0.400000000000000  0.800000000000000  0.125000000000000
  0.400000000000000  0.800000000000000  0.187500000000000
  0.400000000000000  0.800000000000000  0.250000000000000
  0.400000000000000  0.800000000000000  0.312500000000000
  0.400000000000000  0.800000000000000  0.375000000000000
  0.400000000000000  0.800000000000000  0.437500000000000
  0.400000000000000  0.800000000000000  0.500000000000000
  0.400000000000000  0.800000000000000  0.562500000000000
  0.400000000000000  0.800000000000000  0.625000000000000
  0.400000000000000  0.800000000000000  0.687500000000000
  0.400000000000000  0.800000000000000  0.750000000000000
  0.400000000000000  0.800000000000000  0.812500000000000
  0.400000000000000  0.800000000000000  0.875000000000000
  0.400000000000000  0.800000000000000  0.937500000000000
  0.400000000000000  0.900000000000000  0.000000000000000
  0.400000000000000  0.900000000000000  0.062500000000000
  0.400000000000000  0.900000000000000  0.125000000000000
  0.400000000000000  0.900000000000000  0.187500000000000
  0.400000000000000  0.900000000000000  0.250000000000000
  0.400000000000000  0.900000000000000  0.312500000000000
  0.400000000000000  0.900000000000000  0.375000000000000
  0.400000000000000  0.900000000000000  0.437500000000000
  0.400000000000000  0.900000000000000  0.500000000000000
  0.400000000000000  0.900000000000000  0.562500000000000
  0.400000000000000  0.900000000000000  0.625000000000000
  0.400000000000000  0.900000000000000  0.687500000000000
  0.400000000000000  0.900000000000000  0.750000000000000
  0.400000000000000  0.900000000000000  0.812500000000000
  0.400000000000000  0.900000000000000  0.875000000000000
  0.400000000000000  0.900000000000000  0.937500000000000
  0.500000000000000  0.000000000000000  0.000000000000000
  0.500000000000000  0.000000000000000  0.062500000000000
  0.500000000000000  0.000000000000000  0.125000000000000
  0.500000000000000  0.000000000000000  0.187500000000000
  0.500000000000000  0.000000000000000  0.250000000000000
  0.500000000000000  0.000000000000000  0.312500000000000
  0.500000000000000  0.000000000000000  0.375000000000000
  0.500000000000000  0.000000000000000  0.437500000000000
  0.500000000000000  0.000000000000000  0.500000000000000
  0.500000000000000  0.000000000000000  0.562500000000000
  0.500000000000000  0.000000000000000  0.625000000000000
  0.500000000000000  0.000000000000000  0.687500000000000
  0.500000000000000  0.000000000000000  0.750000000000000
  0.500000000000000  0.000000000000000  0.812500000000000
  0.500000000000000  0.000000000000000  0.875000000000000
  0.500000000000000  0.000000000000000  0.937500000000000
  0.500000000000000  0.100000000000000  0.000000000000000
  0.500000000000000  0.100000000000000  0.062500000000000
  0.500000000000000  0.100000000000000  0.125000000000000
  0.500000000000000  0.100000000000000  0.187500000000000
  0.500000000000000  0.100000000000000  0.250000000000000
  0.500000000000000  0.100000000000000  0.312500000000000
  0.500000000000000  0.100000000000000  0.375000000000000
  0.500000000000000  0.100000000000000  0.437500000000000
  0.500000000000000  0.100000000000000  0.500000000000000
  0.500000000000000  0.100000000000000  0.562500000000000
  0.500000000000000  0.100000000000000  0.625000000000000
  0.500000000000000  0.100000000000000  0.687500000000000
  0.500000000000000  0.100000000000000  0.750000000000000
  0.500000000000000  0.100000000000000  0.812500000000000
  0.500000000000000  0.100000000000000  0.875000000000000
  0.500000000000000  0.100000000000000  0.937500000000000
  0.500000000000000  0.200000000000000  0.000000000000000
  0.500000000000000  0.200000000000000  0.062500000000000
  0.500000000000000  0.200000000000000  0.125000000000000
  0.500000000000000  0.200000000000000  0.187500000000000
  0.500000000000000  0.200000000000000  0.250000000000000
  0.500000000000000  0.200000000000000  0.312500000000000
  0.500000000000000  0.200000000000000  0.375000000000000
  0.500000000000000  0.200000000000000  0.437500000000000
  0.500000000000000  0.200000000000000  0.500000000000000
  0.500000000000000  0.200000000000000  0.562500000000000
  0.500000000000000  0.200000000000000  0.625000000000000
  0.500000000000000  0.200000000000000  0.687500000000000
  0.500000000000000  0.200000000000000  0.750000000000000
  0.500000000000000  0.200000000000000  0.812500000000000
  0.500000000000000  0.200000000000000  0.875000000000000
  0.500000000000000  0.200000000000000  0.937500000000000
  0.500000000000000  0.300000000000000  0.000000000000000
  0.500000000000000  0.300000000000000  0.062500000000000
  0.500000000000000  0.300000000000000  0.125000000000000
  0.500000000000000  0.300000000000000  0.187500000000000
  0.500000000000000  0.300000000000000  0.250000000000000
  0.500000000000000  0.300000000000000  0.312500000000000
  0.500000000000000  0.300000000000000  0.375000000000000
  0.500000000000000  0.300000000000000  0.437500000000000
  0.500000000000000  0.300000000000000  0.500000000000000
  0.500000000000000  0.300000000000000  0.562500000000000
  0.500000000000000  0.300000000000000  0.625000000000000
  0.500000000000000  0.300000000000000  0.687500000000000
  0.500000000000000  0.300000000000000  0.750000000000000
  0.500000000000000  0.300000000000000  0.812500000000000
  0.500000000000000  0.300000000000000  0.875000000000000
  0.500000000000000  0.300000000000000  0.937500000000000
  0.500000000000000  0.400000000000000  0.000000000000000
  0.500000000000000  0.400000000000000  0.062500000000000
  0.500000000000000  0.400000000000000  0.125000000000000
  0.500000000000000  0.400000000000000  0.187500000000000
  0.500000000000000  0.400000000000000  0.250000000000000
  0.500000000000000  0.400000000000000  0.312500000000000
  0.500000000000000  0.400000000000000  0.375000000000000
  0.500000000000000  0.400000000000000  0.437500000000000
  0.500000000000000  0.400000000000000  0.500000000000000
  0.500000000000000  0.400000000000000  0.562500000000000
  0.500000000000000  0.400000000000000  0.625000000000000
  0.500000000000000  0.400000000000000  0.687500000000000
  0.500000000000000  0.400000000000000  0.750000000000000
  0.500000000000000  0.400000000000000  0.812500000000000
  0.500000000000000  0.400000000000000  0.875000000000000
  0.500000000000000  0.400000000000000  0.937500000000000
  0.500000000000000  0.500000000000000  0.000000000000000
  0.500000000000000  0.500000000000000  0.062500000000000
  0.500000000000000  0.500000000000000  0.125000000000000
  0.500000000000000  0.500000000000000  0.187500000000000
  0.500000000000000  0.500000000000000  0.250000000000000
  0.500000000000000  0.500000000000000  0.312500000000000
  0.500000000000000  0.500000000000000  0.375000000000000
  0.500000000000000  0.500000000000000  0.437500000000000
  0.500000000000000  0.500000000000000  0.500000000000000
  0.500000000000000  0.500000000000000  0.562500000000000
  0.500000000000000  0.500000000000000  0.625000000000000
  0.500000000000000  0.500000000000000  0.687500000000000
  0.500000000000000  0.500000000000000  0.750000000000000
  0.500000000000000  0.500000000000000  0.812500000000000
  0.500000000000000  0.500000000000000  0.875000000000000
  0.500000000000000  0.500000000000000  0.937500000000000
  0.500000000000000  0.600000000000000  0.000000000000000
  0.500000000000000  0.600000000000000  0.062500000000000
  0.500000000000000  0.600000000000000  0.125000000000000
  0.500000000000000  0.600000000000000  0.187500000000000
  0.500000000000000  0.600000000000000  0.250000000000000
  0.500000000000000  0.600000000000000  0.312500000000000
  0.500000000000000  0.600000000000000  0.375000000000000
  0.500000000000000  0.600000000000000  0.437500000000000
  0.500000000000000  0.600000000000000  0.500000000000000
  0.500000000000000  0.600000000000000  0.562500000000000
  0.500000000000000  0.600000000000000  0.625000000000000
  0.500000000000000  0.600000000000000  0.687500000000000
  0.500000000000000  0.600000000000000  0.750000000000000
  0.500000000000000  0.600000000000000  0.812500000000000
  0.500000000000000  0.600000000000000  0.875000000000000
  0.500000000000000  0.600000000000000  0.937500000000000
  0.500000000000000  0.700000000000000  0.000000000000000
  0.500000000000000  0.700000000000000  0.062500000000000
  0.500000000000000  0.700000000000000  0.125000000000000
  0.500000000000000  0.700000000000000  0.187500000000000
  0.500000000000000  0.700000000000000  0.250000000000000
  0.500000000000000  0.700000000000000  0.312500000000000
  0.500000000000000  0.700000000000000  0.375000000000000
  0.500000000000000  0.700000000000000  0.437500000000000
  0.500000000000000  0.700000000000000  0.500000000000000
  0.500000000000000  0.700000000000000  0.562500000000000
  0.500000000000000  0.700000000000000  0.625000000000000
  0.500000000000000  0.700000000000000  0.687500000000000
  0.500000000000000  0.700000000000000  0.750000000000000
  0.500000000000000  0.700000000000000  0.812500000000000
  0.500000000000000  0.700000000000000  0.875000000000000
  0.500000000000000  0.700000000000000  0.937500000000000
  0.500000000000000  0.800000000000000  0.000000000000000
  0.500000000000000  0.800000000000000  0.062500000000000
  0.500000000000000  0.800000000000000  0.125000000000000
  0.500000000000000  0.800000000000000  0.187500000000000
  0.500000000000000  0.800000000000000  0.250000000000000
  0.500000000000000  0.800000000000000  0.312500000000000
  0.500000000000000  0.800000000000000  0.375000000000000
  0.500000000000000  0.800000000000000  0.437500000000000
  0.500000000000000  0.800000000000000  0.500000000000000
  0.500000000000000  0.800000000000000  0.562500000000000
  0.500000000000000  0.800000000000000  0.625000000000000
  0.500000000000000  0.800000000000000  0.687500000000000
  0.500000000000000  0.800000000000000  0.750000000000000
  0.500000000000000  0.800000000000000  0.812500000000000
  0.500000000000000  0.800000000000000  0.875000000000000
  0.500000000000000  0.800000000000000  0.937500000000000
  0.500000000000000  0.900000000000000  0.000000000000000
  0.500000000000000  0.900000000000000  0.062500000000000
  0.500000000000000  0.900000000000000  0.125000000000000
  0.500000000000000  0.900000000000000  0.187500000000000
  0.500000000000000  0.900000000000000  0.250000000000000
  0.500000000000000  0.900000000000000  0.312500000000000
  0.500000000000000  0.900000000000000  0.375000000000000
  0.500000000000000  0.900000000000000  0.437500000000000
  0.500000000000000  0.900000000000000  0.500000000000000
  0.500000000000000  0.900000000000000  0.562500000000000
  0.500000000000000  0.900000000000000  0.625000000000000
  0.500000000000000  0.900000000000000  0.687500000000000
  0.500000000000000  0.900000000000000  0.750000000000000
  0.500000000000000  0.900000000000000  0.812500000000000
  0.500000000000000  0.900000000000000  0.875000000000000
  0.500000000000000  0.900000000000000  0.937500000000000
  0.600000000000000  0.000000000000000  0.000000000000000
  0.600000000000000  0.000000000000000  0.062500000000000
  0.600000000000000  0.000000000000000  0.125000000000000
  0.600000000000000  0.000000000000000  0.187500000000000
  0.600000000000000  0.000000000000000  0.250000000000000
  0.600000000000000  0.000000000000000  0.312500000000000
  0.600000000000000  0.000000000000000  0.375000000000000
  0.600000000000000  0.000000000000000  0.437500000000000
  0.600000000000000  0.000000000000000  0.500000000000000
  0.600000000000000  0.000000000000000  0.562500000000000
  0.600000000000000  0.000000000000000  0.625000000000000
  0.600000000000000  0.000000000000000  0.687500000000000
  0.600000000000000  0.000000000000000  0.750000000000000
  0.600000000000000  0.000000000000000  0.812500000000000
  0.600000000000000  0.000000000000000  0.875000000000000
  0.600000000000000  0.000000000000000  0.937500000000000
  0.600000000000000  0.100000000000000  0.000000000000000
  0.600000000000000  0.100000000000000  0.062500000000000
  0.600000000000000  0.100000000000000  0.125000000000000
  0.600000000000000  0.100000000000000  0.187500000000000
  0.600000000000000  0.100000000000000  0.250000000000000
  0.600000000000000  0.100000000000000  0.312500000000000
  0.600000000000000  0.100000000000000  0.375000000000000
  0.600000000000000  0.100000000000000  0.437500000000000
  0.600000000000000  0.100000000000000  0.500000000000000
  0.600000000000000  0.100000000000000  0.562500000000000
  0.600000000000000  0.100000000000000  0.625000000000000
  0.600000000000000  0.100000000000000  0.687500000000000
  0.600000000000000  0.100000000000000  0.750000000000000
  0.600000000000000  0.100000000000000  0.812500000000000
  0.600000000000000  0.100000000000000  0.875000000000000
  0.600000000000000  0.100000000000000  0.937500000000000
  0.600000000000000  0.200000000000000  0.000000000000000
  0.600000000000000  0.200000000000000  0.062500000000000
  0.600000000000000  0.200000000000000  0.125000000000000
  0.600000000000000  0.200000000000000  0.187500000000000
  0.600000000000000  0.200000000000000  0.250000000000000
  0.600000000000000  0.200000000000000  0.312500000000000
  0.600000000000000  0.200000000000000  0.375000000000000
  0.600000000000000  0.200000000000000  0.437500000000000
  0.600000000000000  0.200000000000000  0.500000000000000
  0.600000000000000  0.200000000000000  0.562500000000000
  0.600000000000000  0.200000000000000  0.625000000000000
  0.600000000000000  0.200000000000000  0.687500000000000
  0.600000000000000  0.200000000000000  0.750000000000000
  0.600000000000000  0.200000000000000  0.812500000000000
  0.600000000000000  0.200000000000000  0.875000000000000
  0.600000000000000  0.200000000000000  0.937500000000000
  0.600000000000000  0.300000000000000  0.000000000000000
  0.600000000000000  0.300000000000000  0.062500000000000
  0.600000000000000  0.300000000000000  0.125000000000000
  0.600000000000000  0.300000000000000  0.187500000000000
  0.600000000000000  0.300000000000000  0.250000000000000
  0.600000000000000  0.300000000000000  0.312500000000000
  0.600000000000000  0.300000000000000  0.375000000000000
  0.600000000000000  0.300000000000000  0.437500000000000
  0.600000000000000  0.300000000000000  0.500000000000000
  0.600000000000000  0.300000000000000  0.562500000000000
  0.600000000000000  0.300000000000000  0.625000000000000
  0.600000000000000  0.300000000000000  0.687500000000000
  0.600000000000000  0.300000000000000  0.750000000000000
  0.600000000000000  0.300000000000000  0.812500000000000
  0.600000000000000  0.300000000000000  0.875000000000000
  0.600000000000000  0.300000000000000  0.937500000000000
  0.600000000000000  0.400000000000000  0.000000000000000
  0.600000000000000  0.400000000000000  0.062500000000000
  0.600000000000000  0.400000000000000  0.125000000000000
  0.600000000000000  0.400000000000000  0.187500000000000
  0.600000000000000  0.400000000000000  0.250000000000000
  0.600000000000000  0.400000000000000  0.312500000000000
  0.600000000000000  0.400000000000000  0.375000000000000
  0.600000000000000  0.400000000000000  0.437500000000000
  0.600000000000000  0.400000000000000  0.500000000000000
  0.600000000000000  0.400000000000000  0.562500000000000
  0.600000000000000  0.400000000000000  0.625000000000000
  0.600000000000000  0.400000000000000  0.687500000000000
  0.600000000000000  0.400000000000000  0.750000000000000
  0.600000000000000  0.400000000000000  0.812500000000000
  0.600000000000000  0.400000000000000  0.875000000000000
  0.600000000000000  0.400000000000000  0.937500000000000
  0.600000000000000  0.500000000000000  0.000000000000000
  0.600000000000000  0.500000000000000  0.062500000000000
  0.600000000000000  0.500000000000000  0.125000000000000
  0.600000000000000  0.500000000000000  0.187500000000000
  0.600000000000000  0.500000000000000  0.250000000000000
  0.600000000000000  0.500000000000000  0.312500000000000
  0.600000000000000  0.500000000000000  0.375000000000000
  0.600000000000000  0.500000000000000  0.437500000000000
  0.600000000000000  0.500000000000000  0.500000000000000
  0.600000000000000  0.500000000000000  0.562500000000000
  0.600000000000000  0.500000000000000  0.625000000000000
  0.600000000000000  0.500000000000000  0.687500000000000
  0.600000000000000  0.500000000000000  0.750000000000000
  0.600000000000000  0.500000000000000  0.812500000000000
  0.600000000000000  0.500000000000000  0.875000000000000
  0.600000000000000  0.500000000000000  0.937500000000000
  0.600000000000000  0.600000000000000  0.000000000000000
  0.600000000000000  0.600000000000000  0.062500000000000
  0.600000000000000  0.600000000000000  0.125000000000000
  0.600000000000000  0.600000000000000  0.187500000000000
  0.600000000000000  0.600000000000000  0.250000000000000
  0.600000000000000  0.600000000000000  0.312500000000000
  0.600000000000000  0.600000000000000  0.375000000000000
  0.600000000000000  0.600000000000000  0.437500000000000
  0.600000000000000  0.600000000000000  0.500000000000000
  0.600000000000000  0.600000000000000  0.562500000000000
  0.600000000000000  0.600000000000000  0.625000000000000
  0.600000000000000  0.600000000000000  0.687500000000000
  0.600000000000000  0.600000000000000  0.750000000000000
  0.600000000000000  0.600000000000000  0.812500000000000
  0.600000000000000  0.600000000000000  0.875000000000000
  0.600000000000000  0.600000000000000  0.937500000000000
  0.600000000000000  0.700000000000000  0.000000000000000
  0.600000000000000  0.700000000000000  0.062500000000000
  0.600000000000000  0.700000000000000  0.125000000000000
  0.600000000000000  0.700000000000000  0.187500000000000
  0.600000000000000  0.700000000000000  0.250000000000000
  0.600000000000000  0.700000000000000  0.312500000000000
  0.600000000000000  0.700000000000000  0.375000000000000
  0.600000000000000  0.700000000000000  0.437500000000000
  0.600000000000000  0.700000000000000  0.500000000000000
  0.600000000000000  0.700000000000000  0.562500000000000
  0.600000000000000  0.700000000000000  0.625000000000000
  0.600000000000000  0.700000000000000  0.687500000000000
  0.600000000000000  0.700000000000000  0.750000000000000
  0.600000000000000  0.700000000000000  0.812500000000000
  0.600000000000000  0.700000000000000  0.875000000000000
  0.600000000000000  0.700000000000000  0.937500000000000
  0.600000000000000  0.800000000000000  0.000000000000000
  0.600000000000000  0.800000000000000  0.062500000000000
  0.600000000000000  0.800000000000000  0.125000000000000
  0.600000000000000  0.800000000000000  0.187500000000000
  0.600000000000000  0.800000000000000  0.250000000000000
  0.600000000000000  0.800000000000000  0.312500000000000
  0.600000000000000  0.800000000000000  0.375000000000000
  0.600000000000000  0.800000000000000  0.437500000000000
  0.600000000000000  0.800000000000000  0.500000000000000
  0.600000000000000  0.800000000000000  0.562500000000000
  0.600000000000000  0.800000000000000  0.625000000000000
  0.600000000000000  0.800000000000000  0.687500000000000
  0.600000000000000  0.800000000000000  0.750000000000000
  0.600000000000000  0.800000000000000  0.812500000000000
  0.600000000000000  0.800000000000000  0.875000000000000
  0.600000000000000  0.800000000000000  0.937500000000000
  0.600000000000000  0.900000000000000  0.000000000000000
  0.600000000000000  0.900000000000000  0.062500000000000
  0.600000000000000  0.900000000000000  0.125000000000000
  0.600000000000000  0.900000000000000  0.187500000000000
  0.600000000000000  0.900000000000000  0.250000000000000
  0.600000000000000  0.900000000000000  0.312500000000000
  0.600000000000000  0.900000000000000  0.375000000000000
  0.600000000000000  0.900000000000000  0.437500000000000
  0.600000000000000  0.900000000000000  0.500000000000000
  0.600000000000000  0.900000000000000  0.562500000000000
  0.600000000000000  0.900000000000000  0.625000000000000
  0.600000000000000  0.900000000000000  0.687500000000000
  0.600000000000000  0.900000000000000  0.750000000000000
  0.600000000000000  0.900000000000000  0.812500000000000
  0.600000000000000  0.900000000000000  0.875000000000000
  0.600000000000000  0.900000000000000  0.937500000000000
  0.700000000000000  0.000000000000000  0.000000000000000
  0.700000000000000  0.000000000000000  0.062500000000000
  0.700000000000000  0.000000000000000  0.125000000000000
  0.700000000000000  0.000000000000000  0.187500000000000
  0.700000000000000  0.000000000000000  0.250000000000000
  0.700000000000000  0.000000000000000  0.312500000000000
  0.700000000000000  0.000000000000000  0.375000000000000
  0.700000000000000  0.000000000000000  0.437500000000000
  0.700000000000000  0.000000000000000  0.500000000000000
  0.700000000000000  0.000000000000000  0.562500000000000
  0.700000000000000  0.000000000000000  0.625000000000000
  0.700000000000000  0.000000000000000  0.687500000000000
  0.700000000000000  0.000000000000000  0.750000000000000
  0.700000000000000  0.000000000000000  0.812500000000000
  0.700000000000000  0.000000000000000  0.875000000000000
  0.700000000000000  0.000000000000000  0.937500000000000
  0.700000000000000  0.100000000000000  0.000000000000000
  0.700000000000000  0.100000000000000  0.062500000000000
  0.700000000000000  0.100000000000000  0.125000000000000
  0.700000000000000  0.100000000000000  0.187500000000000
  0.700000000000000  0.100000000000000  0.250000000000000
  0.700000000000000  0.100000000000000  0.312500000000000
  0.700000000000000  0.100000000000000  0.375000000000000
  0.700000000000000  0.100000000000000  0.437500000000000
  0.700000000000000  0.100000000000000  0.500000000000000
  0.700000000000000  0.100000000000000  0.562500000000000
  0.700000000000000  0.100000000000000  0.625000000000000
  0.700000000000000  0.100000000000000  0.687500000000000
  0.700000000000000  0.100000000000000  0.750000000000000
  0.700000000000000  0.100000000000000  0.812500000000000
  0.700000000000000  0.100000000000000  0.875000000000000
  0.700000000000000  0.100000000000000  0.937500000000000
  0.700000000000000  0.200000000000000  0.000000000000000
  0.700000000000000  0.200000000000000  0.062500000000000
  0.700000000000000  0.200000000000000  0.125000000000000
  0.700000000000000  0.200000000000000  0.187500000000000
  0.700000000000000  0.200000000000000  0.250000000000000
  0.700000000000000  0.200000000000000  0.312500000000000
  0.700000000000000  0.200000000000000  0.375000000000000
  0.700000000000000  0.200000000000000  0.437500000000000
  0.700000000000000  0.200000000000000  0.500000000000000
  0.700000000000000  0.200000000000000  0.562500000000000
  0.700000000000000  0.200000000000000  0.625000000000000
  0.700000000000000  0.200000000000000  0.687500000000000
  0.700000000000000  0.200000000000000  0.750000000000000
  0.700000000000000  0.200000000000000  0.812500000000000
  0.700000000000000  0.200000000000000  0.875000000000000
  0.700000000000000  0.200000000000000  0.937500000000000
  0.700000000000000  0.300000000000000  0.000000000000000
  0.700000000000000  0.300000000000000  0.062500000000000
  0.700000000000000  0.300000000000000  0.125000000000000
  0.700000000000000  0.300000000000000  0.187500000000000
  0.700000000000000  0.300000000000000  0.250000000000000
  0.700000000000000  0.300000000000000  0.312500000000000
  0.700000000000000  0.300000000000000  0.375000000000000
  0.700000000000000  0.300000000000000  0.437500000000000
  0.700000000000000  0.300000000000000  0.500000000000000
  0.700000000000000  0.300000000000000  0.562500000000000
  0.700000000000000  0.300000000000000  0.625000000000000
  0.700000000000000  0.300000000000000  0.687500000000000
  0.700000000000000  0.300000000000000  0.750000000000000
  0.700000000000000  0.300000000000000  0.812500000000000
  0.700000000000000  0.300000000000000  0.875000000000000
  0.700000000000000  0.300000000000000  0.937500000000000
  0.700000000000000  0.400000000000000  0.000000000000000
  0.700000000000000  0.400000000000000  0.062500000000000
  0.700000000000000  0.400000000000000  0.125000000000000
  0.700000000000000  0.400000000000000  0.187500000000000
  0.700000000000000  0.400000000000000  0.250000000000000
  0.700000000000000  0.400000000000000  0.312500000000000
  0.700000000000000  0.400000000000000  0.375000000000000
  0.700000000000000  0.400000000000000  0.437500000000000
  0.700000000000000  0.400000000000000  0.500000000000000
  0.700000000000000  0.400000000000000  0.562500000000000
  0.700000000000000  0.400000000000000  0.625000000000000
  0.700000000000000  0.400000000000000  0.687500000000000
  0.700000000000000  0.400000000000000  0.750000000000000
  0.700000000000000  0.400000000000000  0.812500000000000
  0.700000000000000  0.400000000000000  0.875000000000000
  0.700000000000000  0.400000000000000  0.937500000000000
  0.700000000000000  0.500000000000000  0.000000000000000
  0.700000000000000  0.500000000000000  0.062500000000000
  0.700000000000000  0.500000000000000  0.125000000000000
  0.700000000000000  0.500000000000000  0.187500000000000
  0.700000000000000  0.500000000000000  0.250000000000000
  0.700000000000000  0.500000000000000  0.312500000000000
  0.700000000000000  0.500000000000000  0.375000000000000
  0.700000000000000  0.500000000000000  0.437500000000000
  0.700000000000000  0.500000000000000  0.500000000000000
  0.700000000000000  0.500000000000000  0.562500000000000
  0.700000000000000  0.500000000000000  0.625000000000000
  0.700000000000000  0.500000000000000  0.687500000000000
  0.700000000000000  0.500000000000000  0.750000000000000
  0.700000000000000  0.500000000000000  0.812500000000000
  0.700000000000000  0.500000000000000  0.875000000000000
  0.700000000000000  0.500000000000000  0.937500000000000
  0.700000000000000  0.600000000000000  0.000000000000000
  0.700000000000000  0.600000000000000  0.062500000000000
  0.700000000000000  0.600000000000000  0.125000000000000
  0.700000000000000  0.600000000000000  0.187500000000000
  0.700000000000000  0.600000000000000  0.250000000000000
  0.700000000000000  0.600000000000000  0.312500000000000
  0.700000000000000  0.600000000000000  0.375000000000000
  0.700000000000000  0.600000000000000  0.437500000000000
  0.700000000000000  0.600000000000000  0.500000000000000
  0.700000000000000  0.600000000000000  0.562500000000000
  0.700000000000000  0.600000000000000  0.625000000000000
  0.700000000000000  0.600000000000000  0.687500000000000
  0.700000000000000  0.600000000000000  0.750000000000000
  0.700000000000000  0.600000000000000  0.812500000000000
  0.700000000000000  0.600000000000000  0.875000000000000
  0.700000000000000  0.600000000000000  0.937500000000000
  0.700000000000000  0.700000000000000  0.000000000000000
  0.700000000000000  0.700000000000000  0.062500000000000
  0.700000000000000  0.700000000000000  0.125000000000000
  0.700000000000000  0.700000000000000  0.187500000000000
  0.700000000000000  0.700000000000000  0.250000000000000
  0.700000000000000  0.700000000000000  0.312500000000000
  0.700000000000000  0.700000000000000  0.375000000000000
  0.700000000000000  0.700000000000000  0.437500000000000
  0.700000000000000  0.700000000000000  0.500000000000000
  0.700000000000000  0.700000000000000  0.562500000000000
  0.700000000000000  0.700000000000000  0.625000000000000
  0.700000000000000  0.700000000000000  0.687500000000000
  0.700000000000000  0.700000000000000  0.750000000000000
  0.700000000000000  0.700000000000000  0.812500000000000
  0.700000000000000  0.700000000000000  0.875000000000000
  0.700000000000000  0.700000000000000  0.937500000000000
  0.700000000000000  0.800000000000000  0.000000000000000
  0.700000000000000  0.800000000000000  0.062500000000000
  0.700000000000000  0.800000000000000  0.125000000000000
  0.700000000000000  0.800000000000000  0.187500000000000
  0.700000000000000  0.800000000000000  0.250000000000000
  0.700000000000000  0.800000000000000  0.312500000000000
  0.700000000000000  0.800000000000000  0.375000000000000
  0.700000000000000  0.800000000000000  0.437500000000000
  0.700000000000000  0.800000000000000  0.500000000000000
  0.700000000000000  0.800000000000000  0.562500000000000
  0.700000000000000  0.800000000000000  0.625000000000000
  0.700000000000000  0.800000000000000  0.687500000000000
  0.700000000000000  0.800000000000000  0.750000000000000
  0.700000000000000  0.800000000000000  0.812500000000000
  0.700000000000000  0.800000000000000  0.875000000000000
  0.700000000000000  0.800000000000000  0.937500000000000
  0.700000000000000  0.900000000000000  0.000000000000000
  0.700000000000000  0.900000000000000  0.062500000000000
  0.700000000000000  0.900000000000000  0.125000000000000
  0.700000000000000  0.900000000000000  0.187500000000000
  0.700000000000000  0.900000000000000  0.250000000000000
  0.700000000000000  0.900000000000000  0.312500000000000
  0.700000000000000  0.900000000000000  0.375000000000000
  0.700000000000000  0.900000000000000  0.437500000000000
  0.700000000000000  0.900000000000000  0.500000000000000
  0.700000000000000  0.900000000000000  0.562500000000000
  0.700000000000000  0.900000000000000  0.625000000000000
  0.700000000000000  0.900000000000000  0.687500000000000
  0.700000000000000  0.900000000000000  0.750000000000000
  0.700000000000000  0.900000000000000  0.812500000000000
  0.700000000000000  0.900000000000000  0.875000000000000
  0.700000000000000  0.900000000000000  0.937500000000000
  0.800000000000000  0.000000000000000  0.000000000000000
  0.800000000000000  0.000000000000000  0.062500000000000
  0.800000000000000  0.000000000000000  0.125000000000000
  0.800000000000000  0.000000000000000  0.187500000000000
  0.800000000000000  0.000000000000000  0.250000000000000
  0.800000000000000  0.000000000000000  0.312500000000000
  0.800000000000000  0.000000000000000  0.375000000000000
  0.800000000000000  0.000000000000000  0.437500000000000
  0.800000000000000  0.000000000000000  0.500000000000000
  0.800000000000000  0.000000000000000  0.562500000000000
  0.800000000000000  0.000000000000000  0.625000000000000
  0.800000000000000  0.000000000000000  0.687500000000000
  0.800000000000000  0.000000000000000  0.750000000000000
  0.800000000000000  0.000000000000000  0.812500000000000
  0.800000000000000  0.000000000000000  0.875000000000000
  0.800000000000000  0.000000000000000  0.937500000000000
  0.800000000000000  0.100000000000000  0.000000000000000
  0.800000000000000  0.100000000000000  0.062500000000000
  0.800000000000000  0.100000000000000  0.125000000000000
  0.800000000000000  0.100000000000000  0.187500000000000
  0.800000000000000  0.100000000000000  0.250000000000000
  0.800000000000000  0.100000000000000  0.312500000000000
  0.800000000000000  0.100000000000000  0.375000000000000
  0.800000000000000  0.100000000000000  0.437500000000000
  0.800000000000000  0.100000000000000  0.500000000000000
  0.800000000000000  0.100000000000000  0.562500000000000
  0.800000000000000  0.100000000000000  0.625000000000000
  0.800000000000000  0.100000000000000  0.687500000000000
  0.800000000000000  0.100000000000000  0.750000000000000
  0.800000000000000  0.100000000000000  0.812500000000000
  0.800000000000000  0.100000000000000  0.875000000000000
  0.800000000000000  0.100000000000000  0.937500000000000
  0.800000000000000  0.200000000000000  0.000000000000000
  0.800000000000000  0.200000000000000  0.062500000000000
  0.800000000000000  0.200000000000000  0.125000000000000
  0.800000000000000  0.200000000000000  0.187500000000000
  0.800000000000000  0.200000000000000  0.250000000000000
  0.800000000000000  0.200000000000000  0.312500000000000
  0.800000000000000  0.200000000000000  0.375000000000000
  0.800000000000000  0.200000000000000  0.437500000000000
  0.800000000000000  0.200000000000000  0.500000000000000
  0.800000000000000  0.200000000000000  0.562500000000000
  0.800000000000000  0.200000000000000  0.625000000000000
  0.800000000000000  0.200000000000000  0.687500000000000
  0.800000000000000  0.200000000000000  0.750000000000000
  0.800000000000000  0.200000000000000  0.812500000000000
  0.800000000000000  0.200000000000000  0.875000000000000
  0.800000000000000  0.200000000000000  0.937500000000000
  0.800000000000000  0.300000000000000  0.000000000000000
  0.800000000000000  0.300000000000000  0.062500000000000
  0.800000000000000  0.300000000000000  0.125000000000000
  0.800000000000000  0.300000000000000  0.187500000000000
  0.800000000000000  0.300000000000000  0.250000000000000
  0.800000000000000  0.300000000000000  0.312500000000000
  0.800000000000000  0.300000000000000  0.375000000000000
  0.800000000000000  0.300000000000000  0.437500000000000
  0.800000000000000  0.300000000000000  0.500000000000000
  0.800000000000000  0.300000000000000  0.562500000000000
  0.800000000000000  0.300000000000000  0.625000000000000
  0.800000000000000  0.300000000000000  0.687500000000000
  0.800000000000000  0.300000000000000  0.750000000000000
  0.800000000000000  0.300000000000000  0.812500000000000
  0.800000000000000  0.300000000000000  0.875000000000000
  0.800000000000000  0.300000000000000  0.937500000000000
  0.800000000000000  0.400000000000000  0.000000000000000
  0.800000000000000  0.400000000000000  0.062500000000000
  0.800000000000000  0.400000000000000  0.125000000000000
  0.800000000000000  0.400000000000000  0.187500000000000
  0.800000000000000  0.400000000000000  0.250000000000000
  0.800000000000000  0.400000000000000  0.312500000000000
  0.800000000000000  0.400000000000000  0.375000000000000
  0.800000000000000  0.400000000000000  0.437500000000000
  0.800000000000000  0.400000000000000  0.500000000000000
  0.800000000000000  0.400000000000000  0.562500000000000
  0.800000000000000  0.400000000000000  0.625000000000000
  0.800000000000000  0.400000000000000  0.687500000000000
  0.800000000000000  0.400000000000000  0.750000000000000
  0.800000000000000  0.400000000000000  0.812500000000000
  0.800000000000000  0.400000000000000  0.875000000000000
  0.800000000000000  0.400000000000000  0.937500000000000
  0.800000000000000  0.500000000000000  0.000000000000000
  0.800000000000000  0.500000000000000  0.062500000000000
  0.800000000000000  0.500000000000000  0.125000000000000
  0.800000000000000  0.500000000000000  0.187500000000000
  0.800000000000000  0.500000000000000  0.250000000000000
  0.800000000000000  0.500000000000000  0.312500000000000
  0.800000000000000  0.500000000000000  0.375000000000000
  0.800000000000000  0.500000000000000  0.437500000000000
  0.800000000000000  0.500000000000000  0.500000000000000
  0.800000000000000  0.500000000000000  0.562500000000000
  0.800000000000000  0.500000000000000  0.625000000000000
  0.800000000000000  0.500000000000000  0.687500000000000
  0.800000000000000  0.500000000000000  0.750000000000000
  0.800000000000000  0.500000000000000  0.812500000000000
  0.800000000000000  0.500000000000000  0.875000000000000
  0.800000000000000  0.500000000000000  0.937500000000000
  0.800000000000000  0.600000000000000  0.000000000000000
  0.800000000000000  0.600000000000000  0.062500000000000
  0.800000000000000  0.600000000000000  0.125000000000000
  0.800000000000000  0.600000000000000  0.187500000000000
  0.800000000000000  0.600000000000000  0.250000000000000
  0.800000000000000  0.600000000000000  0.312500000000000
  0.800000000000000  0.600000000000000  0.375000000000000
  0.800000000000000  0.600000000000000  0.437500000000000
  0.800000000000000  0.600000000000000  0.500000000000000
  0.800000000000000  0.600000000000000  0.562500000000000
  0.800000000000000  0.600000000000000  0.625000000000000
  0.800000000000000  0.600000000000000  0.687500000000000
  0.800000000000000  0.600000000000000  0.750000000000000
  0.800000000000000  0.600000000000000  0.812500000000000
  0.800000000000000  0.600000000000000  0.875000000000000
  0.800000000000000  0.600000000000000  0.937500000000000
  0.800000000000000  0.700000000000000  0.000000000000000
  0.800000000000000  0.700000000000000  0.062500000000000
  0.800000000000000  0.700000000000000  0.125000000000000
  0.800000000000000  0.700000000000000  0.187500000000000
  0.800000000000000  0.700000000000000  0.250000000000000
  0.800000000000000  0.700000000000000  0.312500000000000
  0.800000000000000  0.700000000000000  0.375000000000000
  0.800000000000000  0.700000000000000  0.437500000000000
  0.800000000000000  0.700000000000000  0.500000000000000
  0.800000000000000  0.700000000000000  0.562500000000000
  0.800000000000000  0.700000000000000  0.625000000000000
  0.800000000000000  0.700000000000000  0.687500000000000
  0.800000000000000  0.700000000000000  0.750000000000000
  0.800000000000000  0.700000000000000  0.812500000000000
  0.800000000000000  0.700000000000000  0.875000000000000
  0.800000000000000  0.700000000000000  0.937500000000000
  0.800000000000000  0.800000000000000  0.000000000000000
  0.800000000000000  0.800000000000000  0.062500000000000
  0.800000000000000  0.800000000000000  0.125000000000000
  0.800000000000000  0.800000000000000  0.187500000000000
  0.800000000000000  0.800000000000000  0.250000000000000
  0.800000000000000  0.800000000000000  0.312500000000000
  0.800000000000000  0.800000000000000  0.375000000000000
  0.800000000000000  0.800000000000000  0.437500000000000
  0.800000000000000  0.800000000000000  0.500000000000000
  0.800000000000000  0.800000000000000  0.562500000000000
  0.800000000000000  0.800000000000000  0.625000000000000
  0.800000000000000  0.800000000000000  0.687500000000000
  0.800000000000000  0.800000000000000  0.750000000000000
  0.800000000000000  0.800000000000000  0.812500000000000
  0.800000000000000  0.800000000000000  0.875000000000000
  0.800000000000000  0.800000000000000  0.937500000000000
  0.800000000000000  0.900000000000000  0.000000000000000
  0.800000000000000  0.900000000000000  0.062500000000000
  0.800000000000000  0.900000000000000  0.125000000000000
  0.800000000000000  0.900000000000000  0.187500000000000
  0.800000000000000  0.900000000000000  0.250000000000000
  0.800000000000000  0.900000000000000  0.312500000000000
  0.800000000000000  0.900000000000000  0.375000000000000
  0.800000000000000  0.900000000000000  0.437500000000000
  0.800000000000000  0.900000000000000  0.500000000000000
  0.800000000000000  0.900000000000000  0.562500000000000
  0.800000000000000  0.900000000000000  0.625000000000000
  0.800000000000000  0.900000000000000  0.687500000000000
  0.800000000000000  0.900000000000000  0.750000000000000
  0.800000000000000  0.900000000000000  0.812500000000000
  0.800000000000000  0.900000000000000  0.875000000000000
  0.800000000000000  0.900000000000000  0.937500000000000
  0.900000000000000  0.000000000000000  0.000000000000000
  0.900000000000000  0.000000000000000  0.062500000000000
  0.900000000000000  0.000000000000000  0.125000000000000
  0.900000000000000  0.000000000000000  0.187500000000000
  0.900000000000000  0.000000000000000  0.250000000000000
  0.900000000000000  0.000000000000000  0.312500000000000
  0.900000000000000  0.000000000000000  0.375000000000000
  0.900000000000000  0.000000000000000  0.437500000000000
  0.900000000000000  0.000000000000000  0.500000000000000
  0.900000000000000  0.000000000000000  0.562500000000000
  0.900000000000000  0.000000000000000  0.625000000000000
  0.900000000000000  0.000000000000000  0.687500000000000
  0.900000000000000  0.000000000000000  0.750000000000000
  0.900000000000000  0.000000000000000  0.812500000000000
  0.900000000000000  0.000000000000000  0.875000000000000
  0.900000000000000  0.000000000000000  0.937500000000000
  0.900000000000000  0.100000000000000  0.000000000000000
  0.900000000000000  0.100000000000000  0.062500000000000
  0.900000000000000  0.100000000000000  0.125000000000000
  0.900000000000000  0.100000000000000  0.187500000000000
  0.900000000000000  0.100000000000000  0.250000000000000
  0.900000000000000  0.100000000000000  0.312500000000000
  0.900000000000000  0.100000000000000  0.375000000000000
  0.900000000000000  0.100000000000000  0.437500000000000
  0.900000000000000  0.100000000000000  0.500000000000000
  0.900000000000000  0.100000000000000  0.562500000000000
  0.900000000000000  0.100000000000000  0.625000000000000
  0.900000000000000  0.100000000000000  0.687500000000000
  0.900000000000000  0.100000000000000  0.750000000000000
  0.900000000000000  0.100000000000000  0.812500000000000
  0.900000000000000  0.100000000000000  0.875000000000000
  0.900000000000000  0.100000000000000  0.937500000000000
  0.900000000000000  0.200000000000000  0.000000000000000
  0.900000000000000  0.200000000000000  0.062500000000000
  0.900000000000000  0.200000000000000  0.125000000000000
  0.900000000000000  0.200000000000000  0.187500000000000
  0.900000000000000  0.200000000000000  0.250000000000000
  0.900000000000000  0.200000000000000  0.312500000000000
  0.900000000000000  0.200000000000000  0.375000000000000
  0.900000000000000  0.200000000000000  0.437500000000000
  0.900000000000000  0.200000000000000  0.500000000000000
  0.900000000000000  0.200000000000000  0.562500000000000
  0.900000000000000  0.200000000000000  0.625000000000000
  0.900000000000000  0.200000000000000  0.687500000000000
  0.900000000000000  0.200000000000000  0.750000000000000
  0.900000000000000  0.200000000000000  0.812500000000000
  0.900000000000000  0.200000000000000  0.875000000000000
  0.900000000000000  0.200000000000000  0.937500000000000
  0.900000000000000  0.300000000000000  0.000000000000000
  0.900000000000000  0.300000000000000  0.062500000000000
  0.900000000000000  0.300000000000000  0.125000000000000
  0.900000000000000  0.300000000000000  0.187500000000000
  0.900000000000000  0.300000000000000  0.250000000000000
  0.900000000000000  0.300000000000000  0.312500000000000
  0.900000000000000  0.300000000000000  0.375000000000000
  0.900000000000000  0.300000000000000  0.437500000000000
  0.900000000000000  0.300000000000000  0.500000000000000
  0.900000000000000  0.300000000000000  0.562500000000000
  0.900000000000000  0.300000000000000  0.625000000000000
  0.900000000000000  0.300000000000000  0.687500000000000
  0.900000000000000  0.300000000000000  0.750000000000000
  0.900000000000000  0.300000000000000  0.812500000000000
  0.900000000000000  0.300000000000000  0.875000000000000
  0.900000000000000  0.300000000000000  0.937500000000000
  0.900000000000000  0.400000000000000  0.000000000000000
  0.900000000000000  0.400000000000000  0.062500000000000
  0.900000000000000  0.400000000000000  0.125000000000000
  0.900000000000000  0.400000000000000  0.187500000000000
  0.900000000000000  0.400000000000000  0.250000000000000
  0.900000000000000  0.400000000000000  0.312500000000000
  0.900000000000000  0.400000000000000  0.375000000000000
  0.900000000000000  0.400000000000000  0.437500000000000
  0.900000000000000  0.400000000000000  0.500000000000000
  0.900000000000000  0.400000000000000  0.562500000000000
  0.900000000000000  0.400000000000000  0.625000000000000
  0.900000000000000  0.400000000000000  0.687500000000000
  0.900000000000000  0.400000000000000  0.750000000000000
  0.900000000000000  0.400000000000000  0.812500000000000
  0.900000000000000  0.400000000000000  0.875000000000000
  0.900000000000000  0.400000000000000  0.937500000000000
  0.900000000000000  0.500000000000000  0.000000000000000
  0.900000000000000  0.500000000000000  0.062500000000000
  0.900000000000000  0.500000000000000  0.125000000000000
  0.900000000000000  0.500000000000000  0.187500000000000
  0.900000000000000  0.500000000000000  0.250000000000000
  0.900000000000000  0.500000000000000  0.312500000000000
  0.900000000000000  0.500000000000000  0.375000000000000
  0.900000000000000  0.500000000000000  0.437500000000000
  0.900000000000000  0.500000000000000  0.500000000000000
  0.900000000000000  0.500000000000000  0.562500000000000
  0.900000000000000  0.500000000000000  0.625000000000000
  0.900000000000000  0.500000000000000  0.687500000000000
  0.900000000000000  0.500000000000000  0.750000000000000
  0.900000000000000  0.500000000000000  0.812500000000000
  0.900000000000000  0.500000000000000  0.875000000000000
  0.900000000000000  0.500000000000000  0.937500000000000
  0.900000000000000  0.600000000000000  0.000000000000000
  0.900000000000000  0.600000000000000  0.062500000000000
  0.900000000000000  0.600000000000000  0.125000000000000
  0.900000000000000  0.600000000000000  0.187500000000000
  0.900000000000000  0.600000000000000  0.250000000000000
  0.900000000000000  0.600000000000000  0.312500000000000
  0.900000000000000  0.600000000000000  0.375000000000000
  0.900000000000000  0.600000000000000  0.437500000000000
  0.900000000000000  0.600000000000000  0.500000000000000
  0.900000000000000  0.600000000000000  0.562500000000000
  0.900000000000000  0.600000000000000  0.625000000000000
  0.900000000000000  0.600000000000000  0.687500000000000
  0.900000000000000  0.600000000000000  0.750000000000000
  0.900000000000000  0.600000000000000  0.812500000000000
  0.900000000000000  0.600000000000000  0.875000000000000
  0.900000000000000  0.600000000000000  0.937500000000000
  0.900000000000000  0.700000000000000  0.000000000000000
  0.900000000000000  0.700000000000000  0.062500000000000
  0.900000000000000  0.700000000000000  0.125000000000000
  0.900000000000000  0.700000000000000  0.187500000000000
  0.900000000000000  0.700000000000000  0.250000000000000
  0.900000000000000  0.700000000000000  0.312500000000000
  0.900000000000000  0.700000000000000  0.375000000000000
  0.900000000000000  0.700000000000000  0.437500000000000
  0.900000000000000  0.700000000000000  0.500000000000000
  0.900000000000000  0.700000000000000  0.562500000000000
  0.900000000000000  0.700000000000000  0.625000000000000
  0.900000000000000  0.700000000000000  0.687500000000000
  0.900000000000000  0.700000000000000  0.750000000000000
  0.900000000000000  0.700000000000000  0.812500000000000
  0.900000000000000  0.700000000000000  0.875000000000000
  0.900000000000000  0.700000000000000  0.937500000000000
  0.900000000000000  0.800000000000000  0.000000000000000
  0.900000000000000  0.800000000000000  0.062500000000000
  0.900000000000000  0.800000000000000  0.125000000000000
  0.900000000000000  0.800000000000000  0.187500000000000
  0.900000000000000  0.800000000000000  0.250000000000000
  0.900000000000000  0.800000000000000  0.312500000000000
  0.900000000000000  0.800000000000000  0.375000000000000
  0.900000000000000  0.800000000000000  0.437500000000000
  0.900000000000000  0.800000000000000  0.500000000000000
  0.900000000000000  0.800000000000000  0.562500000000000
  0.900000000000000  0.800000000000000  0.625000000000000
  0.900000000000000  0.800000000000000  0.687500000000000
  0.900000000000000  0.800000000000000  0.750000000000000
  0.900000000000000  0.800000000000000  0.812500000000000
  0.900000000000000  0.800000000000000  0.875000000000000
  0.900000000000000  0.800000000000000  0.937500000000000
  0.900000000000000  0.900000000000000  0.000000000000000
  0.900000000000000  0.900000000000000  0.062500000000000
  0.900000000000000  0.900000000000000  0.125000000000000
  0.900000000000000  0.900000000000000  0.187500000000000
  0.900000000000000  0.900000000000000  0.250000000000000
  0.900000000000000  0.900000000000000  0.312500000000000
  0.900000000000000  0.900000000000000  0.375000000000000
  0.900000000000000  0.900000000000000  0.437500000000000
  0.900000000000000  0.900000000000000  0.500000000000000
  0.900000000000000  0.900000000000000  0.562500000000000
  0.900000000000000  0.900000000000000  0.625000000000000
  0.900000000000000  0.900000000000000  0.687500000000000
  0.900000000000000  0.900000000000000  0.750000000000000
  0.900000000000000  0.900000000000000  0.812500000000000
  0.900000000000000  0.900000000000000  0.875000000000000
  0.900000000000000  0.900000000000000  0.937500000000000
